.331
.311
.311
.309
.304
.304
.300
.297
.295
.295
.295
.292
.292
.290
.290
.288
.288
.287
.287
.286
.283
.283
.283
.282
.282
.281
.278
.277
.277
.276
.276
.275
.274
.274
.272
.272
.272
.272
.272
.270
.269
.268
.267
.267
.266
.266
.265
.265
.265
.264
.264
.264
.264
.264
.264
.264
.263
.263
.263
.262
.262
.261
.261
.261
.260
.259
.259
.258
.258
.258
.257
.257
.257
.257
.257
.256
.256
.256
.256
.256
.256
.255
.253
.253
.252
.252
.252
.251
.251
.250
.250
.250
.249
.249
.248
.247
.247
.247
.246
.246
.245
.245
.244
.243
.242
.242
.241
.240
.240
.240
.239
.239
.239
.238
.238
.238
.238
.236
.236
.236
.235
.235
.235
.234
.234
.234
.234
.233
.233
.232
.232
.231
.231
.230
.230
.228
.228
.228
.227
.225
.220
.214
.212
.200